[160]{productName,nutritionDescription,energyKj,energyKcal,protein,fat,carbohydrate,sodium,calcium}:
  猪柳麦满分,null,1288,308,16,16,24,781,213
  猪柳蛋麦满分,null,1618,387,23,21,25,846,243
  烟肉蛋麦满分,null,1089,260,16,10,24,483,238
  火腿扒麦满分,null,1092,261,14,12,24,608,131
  中薯条,null,1210,289,4,12,38,165,18
  大薯条,null,1587,379,6,16,50,216,23
  小薯条,null,877,210,3,9,28,120,13
  迷你薯条,null,444,106,2,4,14,61,6
  圆筒冰淇淋,null,391,93,2,3,14,36,77
  麦乐鸡5块,null,890,213,12,12,13,422,9
  大杯玉米杯,null,365,87,4,1,12,2,10
  小杯玉米杯,null,223,53,2,1,7,1,6
  麦辣鸡翅-2块,null,937,224,13,15,9,537,13
  朱古力新地,null,1178,282,5,9,44,126,182
  草莓新地,null,1027,245,4,6,43,84,158
  奥利奥麦旋风,null,1115,266,5,9,40,116,185
  草莓麦旋风,null,1234,295,6,9,47,122,186
  香芋派,null,971,232,2,12,28,159,7
  菠萝派,null,925,221,2,11,27,147,5
  大脆鸡扒麦满分,null,1510,361,16,17,35,804,130
  原味板烧鸡腿麦满分,null,1029,246,15,9,25,611,133
  双层原味板烧鸡腿麦满分,null,1486,355,23,17,27,984,138
  吉士汉堡包,null,1231,294,16,12,30,673,144
  双层吉士汉堡,null,1796,429,27,22,31,1017,232
  麦香鸡,null,1546,369,15,17,39,731,73
  麦香鱼,null,1359,325,16,13,35,556,99
  麦辣鸡腿汉堡,null,2029,485,24,24,42,1208,154
  板烧鸡腿堡,null,1638,391,23,17,35,1041,93
  巨无霸,null,2146,513,27,26,42,961,171
  培根蔬萃双层牛堡,null,1850,442,24,23,34,728,73
  可乐中杯,null,616,147,0,0,36,0,10
  可乐大杯,null,936,224,0,0,55,0,15
  可乐小杯,null,446,107,0,0,26,0,7
  雪碧中杯,null,440,105,0,0,26,29,0
  雪碧大杯,null,669,160,0,0,39,45,0
  雪碧小杯,null,319,76,0,0,19,21,0
  无糖可口可乐中杯,null,0,0,0,0,1,35,0
  无糖可口可乐大杯,null,0,0,0,0,1,53,0
  无糖可口可乐小杯,null,0,0,0,0,0,25,0
  大杯鲜萃咖啡,null,54,13,1,0,0,3,8
  小杯鲜萃咖啡,null,63,15,1,0,3,2,6
  锡兰红茶,null,8,2,0,0,0,0,5
  热朱古力,null,525,125,2,2,22,107,36
  纯牛奶（盒装）,null,541,129,7,7,10,73,231
  麦旋酷阳光橙,null,955,228,1,2,50,77,52
  浓缩咖啡,null,54,13,1,0,2,0,7
  那么大鸡排,null,1612,385,24,21,24,996,13
  阳光柠檬红茶中杯,null,488,117,0,0,29,17,0
  阳光柠檬红茶大杯,null,743,178,0,0,43,25,0
  阳光柠檬红茶小杯,null,354,85,0,0,21,12,0
  脆薯饼,null,612,146,1,9,14,311,7
  脆香油条,null,844,202,5,12,19,230,18
  100%苹果汁,null,368,88,0,0,21,0,0
  汉堡包,null,1039,248,13,8,29,492,61
  麦乐鸡4块,null,712,170,10,10,11,337,7
  小杯玉米杯,null,223,53,2,1,7,1,6
  纯牛奶（盒装）,null,541,129,7,7,10,73,231
  纯悦,能量约清水1杯,0,0,0,0,0,0,0
  苹果片,null,133,32,0,0,7,0,18
  不素之霸双层牛堡,null,2062,493,28,27,34,1012,75
  双层深海鳕鱼堡,null,2029,485,28,21,46,917,147
  儿童鱼排堡,null,1126,269,15,6,36,442,58
  培根安格斯厚牛堡,null,2959,707,34,44,43,1037,161
  芝士安格斯厚牛堡,能量约鲈鱼1条,2914,696,32,44,43,897,150
  yeyeyeye奶冻款,null,932,223,1,4,43,37,64
  皮蛋鸡肉粥,null,558,133,6,3,20,611,20
  雪菜脆笋鸡肉粥,null,504,120,4,2,22,552,14
  猪柳炒双蛋堡,null,1827,437,25,24,29,705,116
  yeyeyeye爆珠款,null,889,212,1,3,42,122,124
  柠檬拉明顿,能量约猕猴桃2个,506,121,2,7,12,35,17
  芝士双层安格斯厚牛堡,null,4195,1003,58,65,46,1373,251
  培根双层安格斯厚牛堡,null,4128,987,55,64,46,1191,226
  火腿扒早安营养卷,null,1857,444,16,24,39,1065,108
  麦麦脆汁鸡-琵琶腿,null,1372,328,21,20,16,905,24
  德式图林根香肠,null,366,87,5,6,2,293,5
  图林根香肠早安营养卷,null,1779,425,14,23,38,977,68
  麦麦脆汁鸡-带骨里脊,null,1389,332,22,18,16,812,25
  【美汁源】“黄金橙橙”,null,691,165,0,0,41,53,0
  优品豆浆大杯,null,844,202,8,4,33,43,21
  优品豆浆小杯,null,633,151,6,3,25,32,15
  浓浓黑巧雪冰中杯,null,1501,359,8,12,51,224,207
  浓浓黑巧雪冰大杯,null,1857,444,11,14,65,258,251
  特浓奶香雪冰中杯,null,1124,269,6,11,36,180,188
  特浓奶香雪冰大杯,null,1291,309,7,12,42,192,223
  浓浓抹茶雪冰中杯,null,1208,289,7,11,39,181,220
  浓浓抹茶雪冰大杯,null,1418,339,8,12,48,194,270
  热牛奶中杯,null,738,176,10,8,15,101,319
  热牛奶大杯,null,1006,240,13,11,21,137,435
  热牛奶小杯,null,617,147,8,7,13,84,267
  冰牛奶中杯,null,939,224,13,11,19,128,406
  冰牛奶大杯,null,1127,269,15,13,23,154,487
  冰牛奶小杯,null,617,147,8,7,13,84,267
  冰奶铁中杯,null,618,148,8,7,13,77,251
  冰奶铁大杯,null,678,162,9,7,15,85,275
  冰奶铁小杯,null,358,86,5,4,8,44,144
  热奶铁中杯,null,779,186,11,8,17,99,320
  热奶铁大杯,null,1040,249,14,11,22,134,431
  热奶铁小杯,null,559,134,8,6,12,72,231
  冰燕麦奶铁中杯,null,554,132,3,5,17,87,270
  冰燕麦奶铁大杯,null,608,145,4,5,19,96,296
  冰燕麦奶铁小杯,null,322,77,2,3,10,50,155
  热燕麦奶铁中杯,null,697,167,4,6,22,112,345
  热燕麦奶铁大杯,null,929,222,5,8,29,152,464
  热燕麦奶铁小杯,null,500,120,3,5,16,81,248
  冰美式中杯,null,54,13,1,0,2,0,7
  冰美式大杯,null,60,14,1,0,2,0,8
  冰美式小杯,null,41,10,1,0,1,0,6
  热美式中杯,null,54,13,1,0,2,0,7
  热美式大杯,null,60,14,1,0,2,0,8
  热美式小杯,null,41,10,1,0,1,0,6
  冰焦糖玛奇朵,null,618,148,8,7,13,77,251
  热焦糖玛奇朵,null,698,167,9,7,15,88,284
  卡布奇诺中杯,null,698,167,9,7,15,88,285
  卡布奇诺大杯,null,932,223,13,10,20,120,385
  冰浓浓燕麦黑巧中杯,null,500,120,2,5,16,87,263
  冰浓浓燕麦黑巧大杯,null,547,131,3,5,17,95,388
  冰燕麦奶中杯,null,833,199,4,8,26,145,438
  冰燕麦奶大杯,null,1000,239,5,9,32,174,525
  冰燕麦奶小杯,null,547,131,3,5,17,95,288
  热燕麦奶中杯,null,655,157,3,6,21,114,344
  热燕麦奶大杯,null,893,213,4,8,28,156,469
  热燕麦奶小杯,null,547,131,3,5,17,95,288
  冰浓浓抹茶牛奶中杯,null,821,196,8,6,25,80,275
  冰浓浓抹茶牛奶大杯,null,1004,240,9,7,33,89,314
  热浓浓抹茶牛奶中杯,null,996,238,11,8,29,104,351
  热浓浓抹茶牛奶大杯,null,1393,333,14,12,41,142,482
  冰浓浓黑巧中杯,null,563,135,8,6,12,77,244
  冰浓浓黑巧大杯,null,617,147,8,7,13,84,267
  热浓浓黑巧中杯,null,738,176,10,8,15,101,319
  热浓浓黑巧大杯,null,1006,240,13,11,21,137,435
  川宁伯爵红茶,null,7,2,0,0,0,0,0
  抹茶阿芙佳朵,null,613,147,3,4,23,50,136
  咖啡阿芙佳朵,null,583,139,4,4,21,49,111
  热浓浓燕麦黑巧中杯,null,655,157,3,6,21,114,344
  热浓浓燕麦黑巧大杯,null,893,213,4,8,28,156,469
  草莓拉明顿,null,507,121,2,8,11,34,17
  原味板烧鸡腿炒双蛋堡,null,1754,419,27,21,30,715,116
  双层猪柳蛋麦满分,null,2148,513,29,32,26,1210,249
  双层火腿扒麦满分,null,1611,385,21,22,26,979,134
  脆脆薯条,null,1168,279,4,14,32,540,13
  麦麦趣鸡球,null,1113,266,17,13,19,789,13
  酥酥多笋卷,null,1431,342,14,15,36,1044,41
  薄皮焦香V翅,null,804,192,17,11,6,594,15
  蜜汁BBQ风味薄皮脆汁鸡-带骨里脊,null,637,152,20,5,6,635,28
  蜜汁BBQ风味薄皮脆汁鸡-琵琶腿,null,724,173,18,9,5,547,15
  果然多肉,null,2001,478,36,17,44,1343,190
  “苹板”支撑Pro,null,1993,476,25,18,50,1077,117
  专“薯鱼”你,null,1936,463,18,17,57,652,123
  绝代双翅,null,1964,469,32,27,23,1167,34
  牛气满满,null,2073,495,26,24,42,764,79
  蜜汁快乐,null,1081,258,22,9,20,721,34
  迷你朱古力新地,null,586,140,3,4,22,63,90
  迷你草莓新地,null,511,122,2,3,21,42,78
  鲜蔬蛋沙拉叠叠卷,null,1114,266,11,14,24,518,62
  鸡肉蛋沙拉叠叠卷,null,1621,387,17,21,31,842,67
  中杯怡泉+C,null,461,110,0,0,27,0,0
  大杯怡泉+C,null,701,168,0,0,41,0,0
  蒜了吧黄油风味薄皮脆汁鸡-琵琶腿,null,688,164,19,6,6,867,9
  蒜了吧黄油风味薄皮脆汁鸡-带骨里脊,null,526,126,19,2,4,750,59
  柠萌风味薄皮焦香V翅,null,855,204,18,11,6,768,22
